kinematics_convention: DH_ext
kinematics:
    joint:
        proximal:
            a_pl: 0
            alpha_pl: -1.57
            p_pl: 0.132
            n_pl: 0.07215
            delta_pl: 0
        distal:
            a_dl: 0
            alpha_dl: 1.57
            p_dl: -0.07215
            n_dl: 0.132
            delta_dl: 0
    link:
        a_l: 0
        alpha_l: 0
        p_l: 0
        n_l: 0
        delta_l_in: 0
        delta_l_out: 0
actuator_data:
    zero_offset: 0
    type: revolute
    lower_limit: -2.0
    upper_limit: 2.0
    effort: 147
    velocity: 3.9
    gear_ratio: 100
dynamics:
    body_1:
        mass: 1.8627994
        inertia_tensor:
            I_xx: 0.0080669105
            I_yy: 0.0069731259
            I_zz: 0.0037855995
            I_xy: 6.8780537e-06
            I_xz: 2.4976943e-05
            I_yz: 0.00033158425
        CoM:
            x: 0.0
            y: -0.013666345
            z: 0.095904755
    body_2:
        mass: 1.1036463
        inertia_tensor:
            I_xx: 0.0048243291
            I_yy: 0.0024139151
            I_zz: 0.0049751925
            I_xy: 6.7819559e-06
            I_xz: -3.6661875e-06
            I_yz: -0.0010484708
        CoM:
            x: 0.0
            y: -0.040608854
            z: -0.038467625
    body_2_fast:
        mass: 0.197124
        inertia_tensor:
            I_xx: 0.00016128216
            I_yy: 0.00016138868
            I_zz: 1.287638e-05
            I_xy: -2.4229e-07
            I_xz: 3.771218e-06
            I_yz: -2.4900687e-06
        CoM:
            x: 0.0
            y: 0.0
            z: -0.0978986
visual:
    body_1:
        type: mesh
        parameters:
            file: package://modular/src/modular/modular_resources/models/modular/meshes/alberobotics/elbow_base.stl
            scale: [0.001, 0.001, 0.001]
        pose:
            x: 0.0
            y: 0.0
            z: 0.0
            roll: 0.0
            pitch: 0.0
            yaw: 0.0
        color: tree_green
    body_2:
        type: mesh
        parameters:
            file: package://modular/src/modular/modular_resources/models/modular/meshes/alberobotics/elbow_link.stl
            scale: [0.001, 0.001, 0.001]
        pose:
            x: 0.0
            y: 0.0
            z: -0.072
            roll: 0.0
            pitch: 3.14
            yaw: 0.0
        color: tree_green
collision:
    body_1:
        type: mesh
        parameters:
            file: package://modular/src/modular/modular_resources/models/modular/meshes/alberobotics/simple/elbow_base.stl
            scale: [0.001, 0.001, 0.001]
        pose:
            x: 0.0
            y: 0.0
            z: 0.0
            roll: 0.0
            pitch: 0.0
            yaw: 0.0
    body_2:
        type: mesh
        parameters:
            file: package://modular/src/modular/modular_resources/models/modular/meshes/alberobotics/simple/elbow_link.stl
            scale: [0.001, 0.001, 0.001]
        pose:
            x: 0.0
            y: 0.0
            z: -0.072
            roll: 0.0
            pitch: 3.14
            yaw: 0.0
size: big
size_in: null
size_out: null
type: joint
urdf: urdf/joint_module.urdf
CentAcESC:
    control_mode: impedance_d4
    sign: 1
    pos_offset: 0
    max_current_A: 30.0
    pid:
        position:
        - 1000.0
        - 0.0
        - 30.0
        impedance:
        - 500.0
        - 20.0
        - 1.0
        - 0.025
        - 0.99
gazebo:
    body_1:
        mu1: 0.2
        mu2: 0.2
        kp: 1000000.0
        kd: 1.0
        maxVel: 0.0
        minDepth: 0.0001
        material: 'Gazebo/Blue'
        selfCollide: true
    body_2:
        mu1: 0.2
        mu2: 0.2
        kp: 1000000.0
        kd: 1.0
        maxVel: 0.0
        minDepth: 0.0001
        material: 'Gazebo/White'
        selfCollide: true