kinematics:
  joint:
    proximal:
      a_pl: 0
      alpha_pl: 0
      p_pl: 0.214
      n_pl: 0.0
      delta_pl: 0

    distal:
      a_dl: 0
      alpha_dl: 0
      p_dl: 0
      n_dl: 0
      delta_dl: 0

    joint:
      delta_j: 0
      type: "revolute"
      lower_limit: -2.8
      upper_limit: 2.8
      effort: 147
      velocity: 3.9

  link:
    a_l: 0
    alpha_l: 0
    p_l: 0
    n_l: 0
    delta_l_in: 0
    delta_l_out: 0

dynamics:
  body_1:
    mass: 2.0554934
    inertia_tensor:
      I_xx: 0.01068855
      I_yy: 0.010584907
      I_zz: 0.0032026258
      I_xy: -0.0000114168
      I_xz: 0.00000271689
      I_yz: 0.0000876312
    CoM:
      x: 0.0 #-0.0012685117
      y: 0.0 #0.0004160307
      z: 0.10614489 #0.11614489 #0.13614489

  body_2:
    mass: 0.42322395
    inertia_tensor:
      I_xx: 0.00063746146
      I_yy: 0.00064218987
      I_zz: 0.0010096740
      I_xy: 0.000011903424
      I_xz: 0.00000067230372
      I_yz: 0.000022030730
    CoM:
      x: 0.0 #0.00046624
      y: 0.0 #-0.00066559
      z: -0.024438213 #0.03237702

  body_2_fast:
    mass: 0.197124
    inertia_tensor:
      I_xx: 0.00016128216
      I_yy: 0.00016138868
      I_zz: 0.00001287638
      I_xy: -0.00000024229
      I_xz: 0.000003771218
      I_yz: -0.0000024900687
    CoM:
      x: 0.0 #0.00081402
      y: 0.0 #-0.00053746
      z: -0.0978986

visual:
  mesh_body_1: "package://modular/src/modular/web/static/models/modular/meshes/yaw_base.stl"
  mesh_collision_1: "package://modular/src/modular/web/static/models/modular/meshes/simple/yaw_base.stl"
  tf_mesh_1:
    x: 0.0
    y: 0.0
    z: 0.0
    roll: 0.0
    pitch: 0.0
    yaw: 0.0
  mesh_body_2: "package://modular/src/modular/web/static/models/modular/meshes/yaw_link.stl"
  mesh_collision_2: "package://modular/src/modular/web/static/models/modular/meshes/simple/yaw_link.stl"
  tf_mesh_2:
    x: 0.0
    y: 0.0
    z: 0.0
    roll: 0.0
    pitch: 0.0
    yaw: 0.0

size: "big"
size_in:
size_out:

type: "joint"

control:
  K_theta: 500
  D_theta: 70
  B: 0.000031
  K_s: 80000
  D_s: 2
  D_m: 0.0000578
  nu: 100

urdf: "urdf/joint_module.urdf"

CentAcESC:
  control_mode: impedance_d4 #pos_3b #impedance_d4 #idle
  sign: 1
  pos_offset: 0
  max_current_A: 20.0
  #ram_cmd: [38]
  pid:
    position: [1000.0, 0.0, 30.0]
    # pos_Kp pos_Kd tor_Kp tor_Kd tor_Ki
    #  .... tor_K divided by 10000 to respect the int range [0..65536]
    impedance: [500.0, 20.0, 1.0, 0.025, 0.99]
    # impedance: [500.0, 20.0, 1.0, 0.01, 0.99]
